[0,5,7]
[1,6,10]
[2,5,10]
[3,19,66]
[4,6,11]
[5,6,9]
[6,5,9]
[7,5,10]
[8,7,9]
[9,7,9]
[10,6,9]
[11,7,9]
[12,8,17]
[13,7,10]
[14,8,13]
[15,19,17]
[16,12,16]
[17,21,23]
[18,15,19]
[19,16,22]
[20,19,24]
[21,18,21]
[22,13,22]
[23,13,18]
[24,17,21]
[25,28,29]
[26,20,34]
[27,30,37]
[28,25,40]
[29,36,93]
[30,31,69]
[31,29,38]
[32,38,120]
[33,29,30]
[34,25,39]
[35,34,45]
[36,31,45]
[37,42,41]
[38,56,57]
[39,56,82]
[40,49,94]
[41,78,107]
[42,59,60]
[43,47,63]
[44,42,75]
[45,43,63]
[46,59,62]
[47,51,62]
[48,58,87]
[49,56,74]
[50,86,92]
[51,40,67]
[52,26,31]
[53,29,30]
[54,30,36]
[55,40,34]
[56,28,38]
[57,29,38]
[58,25,35]
[59,26,45]
[60,25,49]
[61,33,42]
[62,27,56]
[63,30,93]
[64,33,33]
[65,32,43]
[66,52,46]
[67,28,40]
[68,52,35]
[69,39,47]
[70,26,37]
[71,40,44]
[72,49,70]
[73,25,34]
[74,30,35]
[75,27,37]
[76,24,30]
[77,30,46]
[78,30,34]
[79,53,69]
[80,59,30]
[81,26,30]
[82,27,38]
[83,30,42]
[84,33,50]
[85,62,53]
[86,89,77]
[87,30,54]
[88,32,39]
